260403.519785 263285.471116 28975.691049 258671.675243 16845.9491207 275413.840941 271301.20339 86323.634176 
260403.519785 263285.471116 28975.691049 258671.675243 16845.9491207 275413.840941 271301.20339 86323.634176 
260403.519785 263285.471116 28975.691049 258671.675243 16845.9491207 275413.840941 271301.20339 86323.634176 
260403.519785 263285.471116 28975.691049 258671.675243 16845.9491207 275413.840941 271301.20339 86323.634176 
260403.519785 263285.471116 28975.691049 258671.675243 16845.9491207 275413.840941 271301.20339 86323.634176 
260403.519785 263285.471116 28975.691049 258671.675243 16845.9491207 275413.840941 271301.20339 86323.634176 
260403.519785 263285.471116 28975.691049 258671.675243 16845.9491207 275413.840941 271301.20339 86323.634176 
260403.519785 263285.471116 28975.691049 258671.675243 16845.9491207 275413.840941 271301.20339 86323.634176 
260403.519785 263285.471116 28975.691049 258671.675243 16845.9491207 275413.840941 271301.20339 86323.634176 
260403.519785 263285.471116 28975.691049 258671.675243 16845.9491207 275413.840941 271301.20339 86323.634176 
260403.519785 263285.471116 28975.691049 258671.675243 16845.9491207 275413.840941 271301.20339 86323.634176 
260403.519785 263285.471116 28975.691049 258671.675243 16845.9491207 275413.840941 271301.20339 86323.634176 
260403.519785 263285.471116 28975.691049 258671.675243 16845.9491207 275413.840941 271301.20339 86323.634176 
260403.519785 263285.471116 28975.691049 258671.675243 16845.9491207 275413.840941 271301.20339 86323.634176 
260403.519785 263285.471116 28975.691049 258671.675243 16845.9491207 275413.840941 271301.20339 86323.634176 
260403.519785 263285.471116 28975.691049 258671.675243 16845.9491207 275413.840941 271301.20339 86323.634176 
260403.519785 263285.471116 28975.691049 258671.675243 16845.9491207 275413.840941 271301.20339 86323.634176 
243065.223433 263941.404264 264142.929129 255586.672243 45400.6615655 258647.056425 244437.923848 193454.945451 
260403.519785 263285.471116 28975.691049 258671.675243 16845.9491207 275413.840941 271301.20339 86323.634176 
260403.519785 263285.471116 28975.691049 258671.675243 16845.9491207 275413.840941 271301.20339 86323.634176 
