1024 1024 0 1024 50 0 1024 1024
1024 1024 0 1024 50 0 1024 1024
1024 1024 0 1024 50 0 1024 1024
1024 1024 0 1024 50 0 1024 1024
1024 1024 0 1024 50 0 1024 1024
1024 1024 0 1024 50 0 1024 1024
1024 1024 0 1024 50 0 1024 1024
1024 1024 0 1024 50 0 1024 1024
1024 1024 0 1024 50 0 1024 1024
1024 1024 0 1024 50 0 1024 1024
1024 1024 0 1024 50 0 1024 1024
1024 1024 0 1024 50 0 1024 1024
1024 1024 0 1024 50 0 1024 1024
1024 1024 0 1024 50 0 1024 1024
1024 1024 0 1024 50 0 1024 1024
1024 1024 0 1024 50 0 1024 1024
1024 1024 0 1024 50 0 1024 1024
1024 1024 144 1024 50 0 1024 1024
1024 1024 0 1024 50 0 1024 1024
1024 1024 0 1024 50 0 1024 1024
